A011 0 4 11 0
A012 0 2 10 0
A014 0 0 5 0
A021 0 0 21 0
A023 0 0 4 0
A024 0 0 7 0
A031 0 0 2 0
A033 0 0 8 0
A034 0 0 8 0
A113 0 2 22 0
A114 1 5 46 0
A115 0 1 17 0
A121 3 2 48 0
A123 3 6 89 1
A125 0 4 51 3
A131 2 8 49 1
A132 2 7 35 0
A135 1 8 58 0
A212 4 5 66 2
A213 1 2 62 1
A215 1 4 62 2
A221 6 1 77 1
A222 3 0 65 1
A225 2 9 91 1
A231 1 7 76 1
A233 3 8 94 2
A234 1 3 60 1
A311 7 5 121 0
A313 3 7 163 7
A314 1 5 111 3
A321 4 4 150 2
A323 3 12 113 5
A324 4 5 131 1
A331 1 7 84 1
A332 4 11 217 2
A334 1 4 105 0
